$ANSIBLE_VAULT;1.1;AES256
64353161653961663763653436633432623133333430616536326637333833383465333639613231
3333643330356230323734386130653534346430353032660a353031643034303961646464376133
37663037386638616262383238393234633666356563303661323262343163396432633635316332
6539363631623939620a646166326634316437653963376434336335393630323361653262633239
66623061646637646331353966396164663866323365663235643666373130346234653037613463
39383537326665646636366234343137326634613439376264626662376465633661393666646164
35383830623036373836323233336533336138663765373139326538613264633936373065323238
61663336363335623566306331313239343666343064646266663961316465643539363437306330
33636364616130653763623933663066326136343063376134316232393638306434646366326434
62643033663631653663343565636133613739626138303736383234303362333564303634323936
32343365643039303665623739363334366233323439326333386536303638613130623362323738
30303138623832373730653938396661613133613136363534613463633663346533343061363438
64333864393264373431613233363138333233643836306639353236363738613766353337316634
34326563376262336535363464323864306637363761353165643437393065356261306364316162
32306263393831363666313239313930386431663833373561623166666631666336663134326135
33343264356161376363646633343730303435313334303864383738663061313664623339343031
63353461623464383464653462343566333366313766666435373632373630323366353837333434
61646134303134326135626431346137383765313237633936333037366531393433613930363137
33383634376461373938323461643735666430356437666438383765643036396230353662393562
63363034653663303234383037326133353364323562346137396161646532303034303434636161
62316162323661383130306365653766323732386161306430313637356537333531326637313538
32643634323839396466336130323336383430353337323633303535313965383432623738366162
63323638356366396165373838666165656235383039653031376638393535346664663264386536
62373034396134636534663031343762623737343561393133313265303662663432346361653333
63666662383137626236346434373932336233633135376364393938633033343535386438356633
3930363533353164333063353233333132386639326665383864
